198.0 370.0 214.0 380.0 161.0 470.0 144.0 460.0 W1 0
272.0 349.0 464.0 314.0 467.0 331.0 275.0 367.0 W1 0
522.0 302.0 711.0 266.0 715.0 286.0 525.0 323.0 W1 0
738.0 277.0 746.0 316.0 735.0 318.0 727.0 279.0 W1 0
727.0 279.0 735.0 322.0 723.0 324.0 714.0 282.0 W1 0
761.0 328.0 769.0 378.0 756.0 381.0 748.0 331.0 W1 0
748.0 331.0 756.0 381.0 741.0 383.0 733.0 333.0 W1 0
754.0 437.0 778.0 432.0 791.0 501.0 767.0 505.0 W1 0
803.0 559.0 839.0 763.0 804.0 770.0 768.0 565.0 W1 0
850.0 809.0 879.0 968.0 856.0 972.0 827.0 813.0 W1 0
827.0 813.0 856.0 972.0 834.0 976.0 805.0 818.0 W1 0
692.0 355.0 705.0 352.0 713.0 388.0 700.0 391.0 S4 0
756.0 1035.0 798.0 1027.0 799.0 1037.0 758.0 1045.0 S4 0
751.0 274.0 758.0 314.0 746.0 316.0 738.0 277.0 S4 0
