161.3 209.2 175.6 222.1 105.6 300.1 91.3 287.3 W1 0
237.9 203.5 433.0 205.4 432.9 223.0 237.8 221.1 W1 0
491.8 204.8 684.5 204.8 684.5 225.4 491.8 225.4 W1 0
709.5 221.1 709.7 261.0 698.1 261.1 697.8 221.1 W1 0
697.8 221.1 698.1 264.7 685.0 264.8 684.7 221.2 W1 0
721.6 276.0 720.5 326.7 707.2 326.4 708.3 275.7 W1 0
708.3 275.7 707.2 326.4 691.9 326.0 693.1 275.4 W1 0
694.4 381.5 718.7 381.5 718.7 451.0 694.4 451.0 W1 0
719.0 510.0 715.5 718.0 680.3 717.4 683.9 509.7 W1 0
717.8 765.1 716.1 926.3 692.3 926.0 694.0 764.8 W1 0
694.0 764.8 692.3 926.0 669.6 925.8 671.4 764.6 W1 0
649.3 288.6 662.2 288.2 663.3 325.9 650.4 326.3 S4 0
582.6 968.5 624.5 969.3 624.3 979.5 582.5 978.8 S4 0
721.9 221.0 722.1 261.0 709.7 261.0 709.5 221.1 S4 0
